58051107631
58051157652
58051207630
58051257631
58051307652
58051357653
58051407655
58051457656
58051507657
58051557638
58051607656
58051657657
58051707658
58051757659
58051807661
58051857662
58051907655
58051957656
58052007602
58052057635
58052107628
58052157649
58052207647
58052257648
58052307649
58052357650
58052407652
58052457649
58052507646
58052557647
58052607649
58052657650
58052707655
58052757648
58052807650
58052857651
58052907656
58052957657
58053007599
58053057632
58053107649
58053157646
58053207640
58053257629
58053307630
58053357651
58053407653
58053457654
58053507655
58053557656
58053607654
58053657651
58053707652
58053757653
58053807655
58053857660
58053907661
58053957658
58054007600
58054057637
58054107626
58054157627
58054207633
58054257650
58054307651
58054357652
58054407650
58054457651
58054507648
58054557645
58054607647
58054657648
58054707649
58054757650
58054807644
58054857645
58054907646
58054957647
58055007601
58055057626
58055107643
58055157636
58055207650
58055257647
58055307648
58055357641
58055407643
58055457644
58055507645
58055557646
58055607648
58055657641
58055707642
58055757643
58055807645
58055857646
58055907647
58055957664
58056007602
58056057635
58056107628
58056157653
58056207659
58056257648
58056307649
58056357650
58056407652
58056457653
58056507650
58056557647
58056607653
58056657650
58056707651
58056757652
58056807646
58056857651
58056907652
58056957653
58057007599
58057057636
58057107645
58057157642
58057207643
58057257629
58057307630
58057357631
58057407652
58057457653
58057507655
58057557656
58057607657
58057657658
58057707655
58057757657
58057807658
58057857659
58057907660
58057957657
58058007599
58058057636
58058107625
58058157650
58058207636
58058257629
58058307630
58058357651
58058407653
58058457654
58058507655
58058557652
58058607654
58058657655
58058707656
58058757657
58058807655
58058857652
58058907653
58058957654
58059007596
58059057637
58059107622
58059157643
58059207629
58059257630
58059307635
58059357636
58059407630
58059457631
58059507632
58059557633
58059607639
58059657640
58059707637
58059757638
58059807640
58059857641
58059907646
58059957643
58060007597
58060057630
58060107647
58060157640
58060207642
58060257651
58060307644
58060357645
58060407647
58060457648
58060507649
58060557642
58060607644
58060657645
58060707646
58060757643
58060807645
58060857642
58060907643
58060957644
58061007598
58061057639
58061107632
58061157649
58061207647
58061257632
58061307633
58061357634
58061407660
58061457653
58061507634
58061557635
58061607637
58061657638
58061707667
58061757660
58061807662
58061857663
58061907664
58061957665
58062007599
58062057632
58062107625
58062157646
58062207648
58062257629
58062307650
58062357651
58062407653
58062457654
58062507635
58062557636
58062607654
58062657655
58062707656
58062757657
58062807663
58062857664
58062907657
58062957658
58063007596
58063057637
58063107630
58063157643
58063207645
58063257630
58063307631
58063357632
58063407634
58063457631
58063507632
58063557633
58063607635
58063657640
58063707641
58063757638
58063807640
58063857645
58063907646
58063957647
58064007597
58064057630
58064107627
58064157648
58064207645
58064257631
58064307628
58064357633
58064407634
58064457635
58064507637
58064557642
58064607635
58064657640
58064707641
58064757643
58064807644
58064857645
58064907642
58064957647
58065007597
58065057634
58065107627
58065157648
58065207626
58065257627
58065307632
58065357633
58065407635
58065457632
58065507633
58065557634
58065607640
58065657641
58065707646
58065757639
58065807641
58065857642
58065907643
58065957644
58066007594
58066057627
58066107644
58066157641
58066207623
58066257628
58066307629
58066357646
58066407628
58066457629
58066507630
58066557631
58066607657
58066657650
58066707651
58066757652
58066807654
58066857655
58066907652
58066957653
58067007595
58067057632
58067107621
58067157642
58067207628
58067257641
58067307642
58067357643
58067407645
58067457646
58067507643
58067557644
58067607646
58067657647
58067707648
58067757649
58067807647
58067857648
58067907649
58067957650
58068007596
58068057625
58068107642
58068157639
58068207633
58068257646
58068307647
58068357644
58068407646
58068457647
58068507648
58068557649
58068607651
58068657644
58068707645
58068757650
58068807652
58068857653
58068907658
58068957651
58069007597
58069057630
58069107623
58069157644
58069207634
58069257647
58069307648
58069357649
58069407651
58069457652
58069507649
58069557650
58069607652
58069657657
58069707658
58069757659
58069807657
58069857658
58069907659
58069957660
58070007594
58070057635
58070107620
58070157645
58070207631
58070257628
58070307629
58070357630
58070407628
58070457633
58070507634
58070557635
58070607637
58070657634
58070707635
58070757636
58070807642
58070857643
58070907644
58070957641
58071007595
58071057628
58071107621
58071157642
58071207636
58071257645
58071307646
58071357627
58071407629
58071457630
58071507631
58071557652
58071607654
58071657655
58071707636
58071757637
58071807667
58071857640
58071907641
58071957642
58072007596
58072057633
58072107642
58072157639
58072207628
58072257642
58072307647
58072357648
58072407641
58072457642
58072507648
58072557649
58072607650
58072657655
58072707648
58072757650
58072807655
58072857656
58072907657
58072957658
58073007596
58073057629
58073107646
58073157643
58073207645
58073257638
58073307643
58073357644
58073407650
58073457651
58073507652
58073557649
58073607651
58073657652
58073707657
58073757658
58073807660
58073857657
58073907658
58073957659
58074007593
58074057634
58074107623
58074157640
58074207626
58074257623
58074307628
58074357629
58074407655
58074457648
58074507629
58074557630
58074607636
58074657637
58074707654
58074757655
58074807657
58074857658
58074907659
58074957660
58075007594
58075057635
58075107624
58075157625
58075207631
58075257628
58075307625
58075357626
58075407628
58075457633
58075507634
58075557635
58075607633
58075657638
58075707639
58075757640
58075807642
58075857667
58075907660
58075957661
58076007595
58076057632
58076107621
58076157638
58076207632
58076257637
58076307642
58076357643
58076407645
58076457638
58076507643
58076557644
58076607646
58076657647
58076707652
58076757645
58076807647
58076857648
58076907653
58076957654
58077007592
58077057637
58077107626
58077157623
58077207621
58077257622
58077307643
58077357644
58077407646
58077457627
58077507628
58077557633
58077607651
58077657632
58077707633
58077757638
58077807640
58077857641
58077907638
58077957639
58078007593
58078057634
58078107627
58078157648
58078207634
58078257643
58078307624
58078357625
58078407631
58078457628
58078507629
58078557634
58078607636
58078657637
58078707642
58078757639
58078807641
58078857642
58078907643
58078957648
58079007594
58079057619
58079107636
58079157637
58079207631
58079257640
58079307641
58079357638
58079407640
58079457645
58079507646
58079557651
58079607653
58079657650
58079707651
58079757652
58079807654
58079857655
58079907652
58079957657
58080007595
58080057628
58080107645
58080157642
58080207635
58080257637
58080307638
58080357643
58080407644
58080457645
58080507643
58080557648
58080607649
58080657650
58080707655
58080757637
58080807658
58080857659
58080907660
58080957641
58081007591
58081057620
58081107637
58081157638
58081207640
58081257641
58081307642
58081357639
58081407641
58081457642
58081507647
58081557628
58081607630
58081657651
58081707632
58081757633
58081807639
58081857640
58081907641
58081957638
58082007592
58082057625
58082107642
58082157639
58082207621
58082257638
58082307639
58082357644
58082407646
58082457627
58082507648
58082557649
58082607631
58082657632
58082707637
58082757638
58082807636
58082857641
58082907642
58082957643
58083007593
58083057634
58083107643
58083157640
58083207622
58083257623
58083307624
58083357649
58083407643
58083457648
58083507649
58083557630
58083607632
58083657657
58083707654
58083757655
58083807637
58083857638
58083907639
58083957660
58084007594
58084057627
58084107620
58084157641
58084207623
58084257640
58084307641
58084357646
58084407648
58084457649
58084507630
58084557651
58084607653
58084657634
58084707639
58084757644
58084807650
58084857647
58084907648
58084957649
58085007591
58085057628
58085107641
58085157638
58085207620
58085257641
58085307642
58085357623
58085407645
58085457646
58085507647
58085557628
58085607630
58085657635
58085707632
58085757633
58085807635
58085857640
58085907641
58085957646
58086007592
58086057625
58086107618
58086157639
58086207633
58086257634
58086307635
58086357636
58086407638
58086457639
58086507640
58086557633
58086607635
58086657636
58086707637
58086757642
58086807640
58086857637
58086907642
58086957643
58087007593
58087057630
58087107619
58087157636
58087207630
58087257643
58087307644
58087357645
58087407647
58087457644
58087507645
58087557646
58087607648
58087657649
58087707646
58087757647
58087807649
58087857650
58087907651
58087957656
58088007590
58088057627
58088107620
58088157617
58088207630
58088257620
58088307637
58088357642
58088407643
58088457644
58088507646
58088557647
58088607644
58088657645
58088707646
58088757652
58088807653
58088857654
58088907651
58088957656
58089007590
58089057627
58089107620
58089157637
58089207631
58089257620
58089307621
58089357626
58089407628
58089457625
58089507626
58089557631
58089607633
58089657634
58089707639
58089757636
58089807634
58089857639
58089907640
58089957645
58090007591
58090057628
58090107617
58090157642
58090207632
58090257637
58090307634
58090357635
58090407637
58090457642
58090507643
58090557644
58090607642
58090657643
58090707644
58090757649
58090807651
58090857652
58090907649
58090957650
58091007588
58091057629
58091107618
58091157643
58091207625
58091257638
58091307639
58091357620
58091407622
58091457643
58091507644
58091557645
58091607647
58091657648
58091707649
58091757642
58091807648
58091857649
58091907650
58091957655
58092007589
58092057622
58092107635
58092157632
58092207618
58092257639
58092307640
58092357637
58092407639
58092457640
58092507645
58092557626
58092607652
58092657649
58092707650
58092757631
58092807633
58092857638
58092907655
58092957636
58093007590
58093057627
58093107620
58093157617
58093207619
58093257636
58093307637
58093357642
58093407644
58093457625
58093507646
58093557627
58093607629
58093657634
58093707639
58093757640
58093807638
58093857643
58093907644
58093957649
58094007591
58094057624
58094107617
58094157642
58094207624
58094257621
58094307622
58094357643
58094407625
58094457630
58094507631
58094557636
58094607638
58094657635
58094707640
58094757641
58094807643
58094857648
58094907649
58094957646
58095007588
58095057633
58095107626
58095157639
58095207636
58095257630
58095307631
58095357636
58095407637
58095457642
58095507636
58095557641
58095607642
58095657647
58095707628
58095757630
58095807651
58095857632
58095907633
58095957638
58096007588
58096057633
58096107618
58096157615
58096207637
58096257622
58096307623
58096357628
58096407626
58096457627
58096507632
58096557633
58096607639
58096657636
58096707637
58096757638
58096807640
58096857645
58096907646
58096957643
58097007589
58097057626
58097107619
58097157616
58097207622
58097257639
58097307620
58097357625
58097407627
58097457632
58097507633
58097557630
58097607636
58097657637
58097707642
58097757643
58097807645
58097857642
58097907643
58097957644
58098007586
58098057623
58098107632
58098157629
58098207635
58098257636
58098307637
58098357638
58098407636
58098457637
58098507642
58098557643
58098607645
58098657626
58098707647
58098757648
58098807650
58098857631
58098907632
58098957637
58099007587
58099057628
58099107621
58099157618
58099207628
58099257617
58099307618
58099357619
58099407621
58099457622
58099507623
58099557644
58099607646
58099657647
58099707648
58099757649
58099807651
58099857644
58099907649
58099957650
58100007588
58100057621
58100107638
58100157631
58100207621
58100257634
58100307635
58100357636
58100407638
58100457631
58100507636
58100557637
58100607639
58100657640
58100707633
58100757638
58100807640
58100857641
58100907642
58100957643
58101007589
58101057626
58101107619
58101157616
58101207638
58101257623
58101307640
58101357621
58101407623
58101457624
58101507625
58101557630
58101607628
58101657629
58101707634
58101757635
58101807641
58101857634
58101907639
58101957640
58102007586
58102057627
58102107620
58102157613
58102207619
58102257616
58102307621
58102357622
58102407628
58102457621
58102507626
58102557627
58102607629
58102657630
58102707635
58102757632
58102807634
58102857635
58102907640
58102957641
58103007587
58103057624
58103107617
58103157614
58103207623
58103257621
58103307638
58103357639
58103407620
58103457621
58103507623
58103557624
58103607645
58103657646
58103707647
58103757629
58103807630
58103857635
58103907632
58103957637
58104007587
58104057624
58104107617
58104157626
58104207620
58104257617
58104307622
58104357623
58104407629
58104457622
58104507623
58104557628
58104607630
58104657631
58104707636
58104757633
58104807639
58104857640
58104907641
58104957646
58105007584
58105057617
58105107634
58105157631
58105207621
58105257614
58105307619
58105357616
58105407618
58105457619
58105507624
58105557625
58105607623
58105657628
58105707629
58105757630
58105807636
58105857637
58105907634
58105957635
58106007585
58106057626
58106107619
58106157616
58106207614
58106257615
58106307616
58106357621
58106407623
58106457628
58106507625
58106557626
58106607628
58106657633
58106707634
58106757639
58106807637
58106857638
58106907639
58106957644
58107007586
58107057619
58107107612
58107157613
58107207627
58107257620
58107307625
58107357622
58107407624
58107457625
58107507630
58107557631
58107607637
58107657630
58107707635
58107757636
58107807638
58107857643
58107907644
58107957641
58108007587
58108057624
58108107617
58108157618
58108207624
58108257621
58108307622
58108357627
58108407629
58108457634
58108507631
58108557632
58108607634
58108657639
58108707640
58108757645
58108807643
58108857648
58108907653
58108957654
58109007584
58109057625
58109107610
58109157635
58109207617
58109257618
58109307619
58109357624
58109407622
58109457627
58109507628
58109557633
58109607635
58109657636
58109707637
58109757638
58109807644
58109857649
58109907650
58109957647
58110007585
58110057622
58110107615
58110157616
58110207634
58110257619
58110307624
58110357629
58110407631
58110457636
58110507641
58110557638
58110607640
58110657641
58110707646
58110757647
58110807649
58110857646
58110907651
58110957652
58111007586
58111057619
58111107628
58111157629
58111207626
58111257636
58111307617
58111357622
58111407619
58111457624
58111507626
58111557631
58111607632
58111657637
58111707634
58111757636
58111807637
58111857642
58111907643
58111957648
58112007582
58112057619
58112107612
58112157609
58112207623
58112257612
58112307617
58112357622
58112407624
58112457629
58112507630
58112557627
58112607629
58112657630
58112707631
58112757636
58112807638
58112857635
58112907640
58112957641
58113007583
58113057620
58113107637
58113157610
58113207632
58113257613
58113307614
58113357619
58113407617
58113457622
58113507627
58113557632
58113607634
58113657635
58113707632
58113757633
58113807635
58113857640
58113907641
58113957642
58114007584
58114057617
58114107634
58114157631
58114207621
58114257634
58114307631
58114357636
58114407638
58114457619
58114507620
58114557649
58114607623
58114657624
58114707629
58114757630
58114807636
58114857633
58114907638
58114957643
58115007585
58115057622
58115107615
58115157632
58115207614
58115257615
58115307616
58115357621
58115407623
58115457624
58115507625
58115557630
58115607636
58115657637
58115707638
58115757631
58115807633
58115857634
58115907635
58115957636
58116007582
58116057619
58116107608
58116157633
58116207623
58116257632
58116307629
58116357630
58116407632
58116457633
58116507634
58116557639
58116607633
58116657638
58116707639
58116757640
58116807646
58116857647
58116907644
58116957645
58117007583
58117057620
58117107613
58117157634
58117207620
58117257613
58117307614
58117357619
58117407621
58117457618
58117507619
58117557624
58117607626
58117657627
58117707628
58117757645
58117807627
58117857628
58117907629
58117957630
58118007584
58118057609
58118107626
58118157623
58118207633
58118257626
58118307623
58118357620
58118407622
58118457623
58118507624
58118557625
58118607623
58118657624
58118707629
58118757630
58118807632
58118857633
58118907630
58118957635
58119007581
58119057618
58119107611
58119157608
58119207609
58119257627
58119307628
58119357629
58119407630
58119457631
58119507629
58119557630
58119607631
58119657636
58119707637
58119757639
58119807632
58119857633
58119907634
58119957635
58120007581
58120057610
58120107627
58120157624
58120207618
58120257631
58120307632
58120357625
58120407627
58120457632
58120507633
58120557634
58120607636
58120657629
58120707634
58120757635
58120807637
58120857642
58120907643
58120957636
58121007582
58121057619
58121107608
58121157609
58121207615
58121257632
58121307633
58121357614
58121407616
58121457621
58121507638
58121557619
58121607621
58121657626
58121707627
58121757628
58121807646
58121857627
58121907628
58121957633
58122007579
58122057620
58122107605
58122157614
58122207612
58122257629
58122307630
58122357631
58122407625
58122457630
58122507631
58122557632
58122607634
58122657631
58122707632
58122757637
58122807639
58122857640
58122907641
58122957638
58123007580
58123057625
58123107614
58123157611
58123207625
58123257610
58123307615
58123357616
58123407618
58123457619
58123507624
58123557621
58123607623
58123657624
58123707629
58123757630
58123807628
58123857633
58123907634
58123957639
58124007581
58124057618
58124107627
58124157628
58124207610
58124257627
58124307632
58124357633
58124407631
58124457632
58124507637
58124557638
58124607620
58124657621
58124707642
58124757623
58124807629
58124857630
58124907631
58124957632
58125007582
58125057619
58125107612
58125157613
58125207623
58125257632
58125307613
58125357618
58125407624
58125457625
58125507630
58125557627
58125607629
58125657634
58125707635
58125757636
58125807642
58125857639
58125907640
58125957641
58126007579
58126057620
58126107613
58126157606
58126207612
58126257609
58126307610
58126357615
58126407613
58126457614
58126507619
58126557620
58126607622
58126657627
58126707624
58126757625
58126807631
58126857632
58126907637
58126957638
58127007580
58127057613
58127107610
58127157611
58127207612
58127257610
58127307631
58127357612
58127407617
58127457618
58127507624
58127557625
58127607622
58127657623
58127707628
58127757634
58127807635
58127857636
58127907641
58127957642
58128007580
58128057617
58128107610
58128157627
58128207609
58128257622
58128307627
58128357628
58128407634
58128457627
58128507632
58128557633
58128607639
58128657640
58128707645
58128757642
58128807644
58128857645
58128907626
58128957627
58129007577
58129057610
58129107603
58129157604
58129207626
58129257611
58129307608
58129357613
58129407615
58129457620
58129507625
58129557630
58129607628
58129657629
58129707634
58129757635
58129807637
58129857638
58129907635
58129957640
58130007578
58130057611
58130107604
58130157625
58130207627
58130257608
58130307609
58130357614
58130407620
58130457613
58130507618
58130557619
58130607625
58130657626
58130707631
58130757628
58130807630
58130857635
58130907636
58130957641
58131007579
58131057608
58131107625
58131157626
58131207616
58131257609
58131307634
58131357631
58131407613
58131457614
58131507619
58131557624
58131607622
58131657623
58131707628
58131757629
58131807635
58131857640
58131907637
58131957642
58132007580
58132057617
58132107610
58132157631
58132207629
58132257630
58132307611
58132357612
58132407614
58132457619
58132507616
58132557617
58132607623
58132657624
58132707629
58132757630
58132807628
58132857629
58132907634
58132957635
58133007577
58133057610
58133107603
58133157628
58133207614
58133257615
58133307616
58133357613
58133407615
58133457620
58133507621
58133557626
58133607632
58133657629
58133707630
58133757623
58133807641
58133857634
58133907627
58133957640
58134007578
58134057611
58134107616
58134157625
58134207626
58134257608
58134307625
58134357622
58134407615
58134457632
58134507622
58134557615
58134607632
58134657625
58134707618
58134757636
58134807625
58134857642
58134907635
58134957632
58135007578
58135057623
58135107624
58135157613
58135207619
58135257608
58135307625
58135357610
58135407628
58135457621
58135507614
58135557635
58135607625
58135657638
58135707635
58135757628
58135807622
58135857643
58135907636
58135957625
58136007575
58136057604
58136107609
58136157618
58136207616
58136257625
58136307618
58136357611
58136407625
58136457618
58136507635
58136557620
58136607614
58136657631
58136707624
58136757617
58136807631
58136857624
58136907641
58136957634
58137007576
58137057601
58137107622
58137157607
58137207621
58137257622
58137307615
58137357608
58137407618
58137457611
58137507628
58137557625
58137607619
58137657636
58137707621
58137757638
58137807628
58137857625
58137907642
58137957635
58138007577
58138057606
58138107607
58138157620
58138207610
58138257627
58138307620
58138357613
58138407611
58138457628
58138507621
58138557634
58138607624
58138657617
58138707630
58138757619
58138807637
58138857622
58138907635
58138957628
58139007574
58139057603
58139107608
58139157613
58139207623
58139257604
58139307621
58139357614
58139407624
58139457613
58139507630
58139557623
58139607617
58139657634
58139707619
58139757636
58139807626
58139857619
58139907636
58139957633
58140007575
58140057600
58140107605
58140157618
58140207620
58140257609
58140307614
58140357611
58140407625
58140457618
58140507611
58140557628
58140607614
58140657631
58140707624
58140757617
58140807635
58140857624
58140907641
58140957634
58141007576
58141057625
58141107606
58141157611
58141207617
58141257622
58141307615
58141357608
58141407622
58141457611
58141507628
58141557621
58141607615
58141657632
58141707625
