58502707519
58502757516
58502807530
58502857523
58502907520
58502957513
58503007467
58503057512
58503107493
58503157506
58503207504
58503257517
58503307510
58503357499
58503407521
58503457518
58503507511
58503557508
58503607506
58503657519
58503707512
58503757509
58503807531
58503857524
58503907521
58503957534
58504007468
58504057501
58504107510
58504157495
58504207525
58504257502
58504307499
58504357520
58504407518
58504457511
58504507524
58504557521
58504607519
58504657516
58504707513
58504757510
58504807524
58504857521
58504907514
58504957535
58505007469
58505057518
58505107519
58505157504
58505207510
58505257499
58505307520
58505357513
58505407507
58505457504
58505507525
58505557522
58505607516
58505657533
58505707526
58505757519
58505807513
58505857530
58505907527
58505957516
58506007466
58506057491
58506107500
58506157509
58506207515
58506257496
58506307513
58506357506
58506407504
58506457521
58506507518
58506557507
58506607505
58506657522
58506707519
58506757512
58506807534
58506857523
58506907520
58506957513
58507007467
58507057496
58507107497
58507157510
58507207511
58507257501
58507307498
58507357515
58507407504
58507457521
58507507519
58507557512
58507607509
58507657526
58507707515
58507757509
58507807530
58507857523
58507907520
58507957517
58508007467
58508057512
58508107497
58508157510
58508207504
58508257497
58508307514
58508357511
58508407509
58508457502
58508507523
58508557512
58508607510
58508657527
58508707524
58508757521
58508807519
58508857512
58508907529
58508957522
58509007464
58509057493
58509107498
58509157507
58509207497
58509257498
58509307515
58509357512
58509407506
58509457519
58509507516
58509557513
58509607507
58509657504
58509707517
58509757510
58509807508
58509857529
58509907522
58509957519
58510007465
58510057490
58510107495
58510157508
58510207514
58510257499
58510307512
58510357509
58510407507
58510457500
58510507521
58510557514
58510607504
58510657521
58510707518
58510757515
58510807513
58510857530
58510907519
58510957516
58511007466
58511057491
58511107500
58511157509
58511207515
58511257496
58511307517
58511357510
58511407508
58511457521
58511507518
58511557511
58511607509
58511657506
58511707523
58511757516
58511807514
58511857531
58511907528
58511957525
58512007467
58512057496
58512107505
58512157514
58512207500
58512257501
58512307514
58512357511
58512407509
58512457502
58512507523
58512557516
58512607506
58512657523
58512707520
58512757517
58512807511
58512857532
58512907525
58512957522
58513007464
58513057493
58513107502
58513157515
58513207513
58513257494
58513307515
58513357512
58513407510
58513457499
58513507516
58513557513
58513607511
58513657508
58513707505
58513757514
58513807512
58513857529
58513907522
58513957515
58514007465
58514057506
58514107511
58514157496
58514207514
58514257507
58514307500
58514357513
58514407511
58514457504
58514507501
58514557518
58514607516
58514657505
58514707522
58514757519
58514807517
58514857510
58514907523
58514957520
58515007466
58515057491
58515107500
58515157509
58515207506
58515257516
58515307509
58515357506
58515407503
58515457520
58515507510
58515557503
58515607524
58515657517
58515707510
58515757508
58515807521
58515857514
58515907511
58515957532
58516007462
58516057507
58516107488
58516157501
58516207507
58516257508
58516307501
58516357514
58516407512
58516457505
58516507498
58516557515
58516607513
58516657522
58516707519
58516757512
58516807510
58516857507
58516907524
58516957513
58517007463
58517057492
58517107497
58517157510
58517207492
58517257513
58517307506
58517357503
58517407497
58517457514
58517507503
58517557500
58517607518
58517657511
58517707508
58517757525
58517807515
58517857512
58517907529
58517957522
58518007464
58518057513
58518107514
58518157499
58518207513
58518257510
58518307503
58518357524
58518407514
58518457511
58518507504
58518557501
58518607519
58518657508
58518707525
58518757522
58518807516
58518857513
58518907530
58518957519
58519007461
58519057490
58519107495
58519157508
58519207498
58519257507
58519307504
58519357501
58519407495
58519457516
58519507509
58519557498
58519607520
58519657513
58519707510
58519757507
58519807525
58519857514
58519907511
58519957508
58520007462
58520057487
58520107492
58520157501
58520207491
58520257512
58520307505
58520357502
58520407512
58520457505
58520507502
58520557499
58520607517
58520657514
58520707523
58520757520
58520807514
58520857511
58520907528
58520957525
58521007463
58521057488
58521107497
58521157510
58521207500
58521257513
58521307510
58521357507
58521407501
58521457498
58521507515
58521557504
58521607502
58521657523
58521707516
58521757513
58521807507
58521857520
58521907517
58521957514
58522007464
58522057489
58522107498
58522157507
58522207513
58522257514
58522307507
58522357504
58522407522
58522457511
58522507508
58522557505
58522607523
58522657520
58522707509
58522757526
58522807524
58522857517
58522907514
58522957511
58523007461
58523057486
58523107491
58523157508
58523207501
58523257495
58523307508
58523357501
58523407498
58523457515
58523507513
58523557506
58523607499
58523657516
58523707513
58523757511
58523807508
58523857525
58523907518
58523957511
58524007461
58524057486
58524107495
58524157500
58524207498
58524257491
58524307508
58524357505
58524407503
58524457516
58524507513
58524557510
58524607508
58524657505
58524707502
58524757515
58524807513
58524857510
58524907507
58524957528
58525007462
58525057487
58525107496
58525157513
58525207495
58525257500
58525307509
58525357502
58525407500
58525457517
58525507510
58525557503
58525607517
58525657510
58525707507
58525757524
58525807522
58525857515
58525907528
58525957521
58526007459
58526057484
58526107493
58526157506
58526207492
58526257489
58526307506
58526357499
58526407497
58526457510
58526507503
58526557500
58526607518
58526657511
58526707504
58526757517
58526807511
58526857508
58526907525
58526957518
58527007460
58527057509
58527107490
58527157499
58527207493
58527257510
58527307503
58527357492
58527407514
58527457507
58527507500
58527557497
58527607515
58527657504
58527707521
58527757518
58527807516
58527857513
58527907522
58527957519
58528007461
58528057490
58528107499
58528157508
58528207490
58528257511
58528307508
58528357501
58528407499
58528457496
58528507509
58528557502
58528607500
58528657517
58528707514
58528757531
58528807521
58528857514
58528907511
58528957508
58529007458
58529057483
58529107488
58529157501
58529207503
58529257492
58529307509
58529357498
58529407492
58529457513
58529507510
58529557503
58529607497
58529657510
58529707507
58529757500
58529807522
58529857515
58529907508
58529957521
58530007459
58530057484
58530107493
58530157506
58530207499
58530257509
58530307506
58530357503
58530407496
58530457493
58530507507
58530557500
58530607497
58530657514
58530707507
58530757505
58530807518
58530857515
58530907508
58530957505
58531007459
58531057488
58531107489
58531157502
58531207488
58531257493
58531307510
58531357507
58531407497
58531457514
58531507511
58531557508
58531607502
58531657515
58531707512
58531757509
58531807503
58531857520
58531907517
58531957526
58532007460
58532057489
58532107494
58532157507
58532207497
58532257510
58532307503
58532357500
58532407498
58532457515
58532507512
58532557501
58532607499
58532657516
58532707513
58532757506
58532807528
58532857517
58532907514
58532957507
58533007457
58533057486
58533107487
58533157500
58533207490
58533257491
58533307488
58533357509
58533407499
58533457492
58533507509
58533557506
58533607500
58533657517
58533707506
58533757503
58533807521
58533857514
58533907511
58533957532
58534007458
58534057483
58534107492
58534157505
58534207487
58534257492
58534307489
58534357510
58534407504
58534457501
58534507494
58534557507
58534607501
58534657498
58534707515
58534757512
58534807510
58534857519
58534907516
58534957513
58535007459
58535057484
58535107493
58535157498
58535207496
58535257489
58535307510
58535357507
58535407497
58535457494
58535507511
58535557504
58535607502
58535657519
58535707508
58535757505
58535807531
58535857520
58535907517
58535957510
58536007456
58536057485
58536107494
58536157507
58536207485
58536257494
58536307487
58536357508
58536407502
58536457499
58536507496
58536557517
58536607507
58536657504
58536707501
58536757498
58536807520
58536857509
58536907506
58536957503
58537007457
58537057482
58537107487
58537157496
58537207506
58537257487
58537307504
58537357501
58537407499
58537457512
58537507509
58537557502
58537607500
58537657497
58537707514
58537757503
58537807529
58537857522
58537907511
58537957508
58538007458
58538057507
58538107488
58538157501
58538207490
58538257492
58538307505
58538357498
58538407495
58538457512
58538507510
58538557503
58538607524
58538657509
58538707506
58538757500
58538807525
58538857522
58538907507
58538957532
58539007458
58539057483
58539107492
58539157505
58539207499
58539257488
58539307509
58539357502
58539407500
58539457517
58539507506
58539557503
58539607497
58539657522
58539707519
58539757500
58539807526
58539857523
58539907516
58539957513
58540007455
58540057500
58540107481
58540157494
58540207496
58540257485
58540307502
58540357491
58540407489
58540457514
58540507503
58540557500
58540607494
58540657515
58540707512
58540757505
58540807499
58540857528
58540907517
58540957510
58541007456
58541057485
58541107494
58541157483
58541207501
58541257494
58541307487
58541357512
58541407510
58541457503
58541507492
58541557517
58541607515
58541657512
58541707501
58541757526
58541807516
58541857509
58541907530
58541957523
58542007457
58542057502
58542107483
58542157496
58542207498
58542257487
58542307512
58542357493
58542407491
58542457516
58542507509
58542557498
58542607496
58542657513
58542707506
58542757527
58542807521
58542857518
58542907515
58542957528
58543007454
58543057479
58543107488
58543157505
58543207491
58543257484
58543307509
58543357502
58543407496
58543457489
58543507510
