58288007532
58288057581
58288107562
58288157567
58288207577
58288257582
58288307575
58288357572
58288407566
58288457579
58288507572
58288557569
58288607587
58288657584
58288707577
58288757590
58288807588
58288857581
58288907578
58288957595
58289007537
58289057578
58289107563
58289157576
58289207586
58289257571
58289307592
58289357581
58289407575
58289457572
58289507589
58289557586
58289607576
58289657597
58289707594
58289757587
58289807581
58289857594
58289907583
58289957600
58290007530
58290057559
58290107560
58290157573
58290207578
58290257576
58290307569
58290357562
58290407579
58290457572
58290507586
58290557579
58290607572
58290657585
58290707578
58290757596
58290807585
58290857578
58290907595
58290957588
58291007530
58291057571
58291107576
58291157561
58291207575
58291257576
58291307569
58291357578
58291407572
58291457565
58291507582
58291557579
58291607573
58291657582
58291707579
58291757572
58291807590
58291857583
58291907600
58291957589
58292007527
58292057560
58292107565
58292157578
58292207564
58292257557
58292307574
58292357567
58292407561
58292457578
58292507567
58292557584
58292607578
58292657571
58292707568
58292757585
58292807571
58292857592
58292907585
58292957578
58293007528
58293057577
58293107554
58293157567
58293207565
58293257578
58293307571
58293357560
58293407578
58293457571
58293507564
58293557585
58293607579
58293657568
58293707589
58293757582
58293807576
58293857593
58293907586
58293957575
58294007529
58294057578
58294107559
58294157568
58294207566
58294257575
58294307568
58294357565
58294407583
58294457576
58294507573
58294557582
58294607576
58294657569
58294707590
58294757583
58294807573
58294857590
58294907583
58294957580
58295007530
58295057555
58295107556
58295157569
58295207579
58295257560
58295307577
58295357574
58295407584
58295457577
58295507574
58295557571
58295607589
58295657586
58295707575
58295757572
58295807590
58295857587
58295907580
58295957593
58296007531
58296057556
58296107557
58296157566
58296207560
58296257569
58296307582
58296357575
58296407569
58296457582
58296507575
58296557584
58296607578
58296657591
58296707584
58296757577
58296807595
58296857584
58296907597
58296957590
58297007528
58297057553
58297107582
58297157559
58297207576
58297257570
58297307563
58297357580
58297407565
58297457582
58297507572
58297557565
58297607582
58297657575
58297707588
58297757578
58297807571
58297857588
58297907581
58297957594
58298007528
58298057573
58298107554
58298157567
58298207557
58298257578
58298307563
58298357580
58298407574
58298457571
58298507564
58298557573
58298607567
58298657584
58298707577
58298757574
58298807592
58298857577
58298907574
58298957591
58299007529
58299057554
58299107559
58299157564
58299207578
58299257575
58299307568
58299357561
58299407579
58299457568
58299507585
58299557578
58299607572
58299657589
58299707582
58299757571
58299807589
58299857582
58299907579
58299957596
58300007526
58300057551
58300107552
58300157565
58300207559
58300257576
58300307561
58300357578
58300407572
58300457565
58300507582
58300557575
58300607585
58300657578
58300707571
58300757588
58300807586
58300857579
58300907588
58300957585
58301007527
58301057552
58301107557
58301157562
58301207572
58301257573
58301307566
58301357559
58301407577
58301457566
58301507583
58301557576
58301607570
58301657587
58301707580
58301757569
58301807587
58301857580
58301907577
58301957594
58302007528
58302057573
58302107554
58302157567
58302207573
58302257578
58302307575
58302357560
58302407582
58302457575
58302507572
58302557585
58302607571
58302657588
58302707581
58302757574
58302807592
58302857585
58302907594
58302957587
58303007525
58303057550
58303107551
58303157564
58303207574
58303257571
58303307564
58303357557
58303407575
58303457568
58303507581
58303557574
58303607568
58303657585
58303707578
58303757567
58303807585
58303857578
58303907571
58303957588
58304007526
58304057571
58304107552
58304157561
58304207559
58304257572
58304307565
58304357578
58304407572
58304457565
58304507582
58304557575
58304607569
58304657582
58304707575
58304757572
58304807590
58304857587
58304907580
58304957593
58305007527
58305057556
58305107561
58305157570
58305207567
58305257573
58305307566
58305357559
58305407576
58305457573
58305507583
58305557580
58305607573
58305657570
58305707587
58305757581
58305807590
58305857587
58305907580
58305957573
58306007523
58306057576
58306107573
58306157558
58306207572
58306257569
58306307562
58306357571
58306407565
58306457562
58306507575
58306557568
58306607562
58306657575
58306707568
58306757585
58306807579
58306857572
58306907569
58306957578
58307007524
58307057557
58307107558
58307157571
58307207565
58307257574
58307307567
58307357560
58307407578
58307457575
58307507560
58307557581
58307607575
58307657568
58307707585
58307757578
58307807588
58307857581
58307907574
58307957571
58308007525
58308057574
58308107571
58308157556
58308207574
58308257567
58308307560
58308357577
58308407567
58308457564
58308507581
58308557574
58308607568
58308657589
58308707574
58308757571
58308807569
58308857586
58308907583
58308957572
58309007526
58309057571
58309107552
58309157565
58309207559
58309257568
58309307557
58309357578
58309407572
58309457565
58309507582
58309557571
58309607565
58309657586
58309707579
58309757572
58309807590
58309857579
58309907572
58309957589
58310007523
58310057552
58310107553
58310157566
58310207568
58310257569
58310307562
58310357555
58310407569
58310457562
58310507579
58310557572
58310607570
58310657563
58310707572
58310757569
58310807587
58310857580
58310907573
58310957590
58311007524
58311057549
58311107554
58311157567
58311207573
58311257574
58311307563
58311357560
58311407578
58311457571
58311507568
58311557577
58311607575
58311657568
58311707585
58311757582
58311807576
58311857585
58311907582
58311957575
58312007525
58312057554
58312107559
58312157568
58312207554
58312257575
58312307568
58312357561
58312407579
58312457564
58312507581
58312557574
58312607568
58312657585
58312707578
58312757571
58312807589
58312857582
58312907575
58312957592
58313007522
58313057551
58313107556
58313157565
58313207566
58313257552
58313307565
58313357558
58313407575
58313457572
58313507566
58313557559
58313607572
58313657569
58313707562
58313757580
58313807573
58313857594
58313907579
58313957576
58314007522
58314057555
58314107560
58314157565
58314207567
58314257560
58314307553
58314357570
58314407564
58314457577
58314507574
58314557567
58314607561
58314657582
58314707575
58314757564
58314807586
58314857583
58314907576
58314957573
58315007523
58315057552
58315107561
58315157550
58315207552
58315257565
58315307558
58315357575
58315407569
58315457562
58315507559
58315557576
58315607566
58315657583
58315707576
58315757569
58315807587
58315857580
58315907569
58315957590
58316007524
58316057553
58316107558
58316157571
58316207565
58316257554
58316307571
58316357568
58316407562
58316457579
58316507568
58316557561
58316607579
58316657572
58316707569
58316757578
58316807576
58316857569
58316907590
58316957583
58317007525
58317057574
58317107555
58317157568
58317207558
58317257559
58317307576
58317357565
58317407559
58317457576
58317507573
58317557566
58317607564
58317657577
58317707574
58317757567
58317807585
58317857582
58317907575
58317957588
58318007522
58318057555
58318107560
58318157549
58318207571
58318257556
58318307573
58318357570
58318407564
58318457557
58318507574
58318557567
58318607561
58318657578
58318707575
58318757568
58318807582
58318857575
58318907572
58318957589
58319007523
58319057576
58319107553
58319157566
58319207564
58319257557
58319307574
58319357563
58319407561
58319457558
58319507575
58319557568
58319607566
58319657579
58319707576
58319757569
58319807587
58319857584
58319907577
58319957590
58320007524
58320057549
58320107558
58320157571
58320207569
58320257554
58320307575
58320357568
58320407566
58320457563
58320507580
58320557565
58320607563
58320657580
58320707573
58320757570
58320807584
58320857577
58320907570
58320957587
58321007521
58321057550
58321107551
58321157564
58321207553
58321257559
58321307552
58321357573
58321407562
58321457555
58321507577
58321557570
58321607567
58321657588
58321707577
58321757571
58321807564
58321857581
58321907578
58321957567
58322007521
58322057570
58322107551
58322157560
58322207562
58322257563
58322307556
58322357573
58322407567
58322457564
58322507557
58322557566
58322607560
58322657577
58322707570
58322757563
58322807581
58322857570
58322907587
58322957580
58323007522
58323057551
58323107548
58323157561
58323207551
58323257552
58323307569
58323357566
58323407576
58323457569
58323507562
58323557559
58323607577
58323657570
58323707583
58323757576
58323807570
58323857567
58323907584
58323957577
58324007519
58324057544
58324107549
58324157558
58324207564
58324257573
58324307562
58324357559
58324407553
58324457574
58324507571
58324557556
58324607574
58324657571
58324707564
58324757581
58324807579
58324857568
58324907585
58324957582
58325007520
58325057553
58325107558
58325157563
58325207565
58325257554
58325307551
58325357572
58325407566
58325457555
58325507572
58325557569
58325607563
58325657560
58325707577
58325757566
58325807584
58325857581
58325907574
58325957571
58326007521
58326057550
58326107559
58326157572
58326207562
58326257559
58326307568
58326357565
58326407559
58326457556
58326507577
58326557570
58326607580
58326657577
58326707570
58326757567
58326807585
58326857582
58326907571
58326957588
58327007518
58327057543
58327107552
58327157557
58327207559
58327257548
58327307569
58327357562
58327407556
58327457569
58327507562
58327557559
58327607557
58327657574
58327707567
58327757580
58327807578
58327857575
58327907568
58327957565
58328007519
58328057548
58328107553
58328157566
58328207567
58328257553
58328307566
58328357559
58328407556
58328457573
58328507571
58328557564
58328607577
58328657570
58328707563
58328757581
58328807574
58328857567
58328907580
58328957569
58329007519
58329057548
58329107553
58329157550
58329207560
58329257569
58329307562
58329357555
58329407573
58329457566
58329507555
58329557576
58329607574
58329657567
58329707564
58329757573
58329807567
58329857584
58329907581
58329957574
58330007520
58330057561
58330107566
58330157555
58330207557
58330257570
58330307563
58330357552
58330407570
58330457567
58330507560
58330557557
58330607575
58330657564
58330707581
58330757574
58330807572
58330857565
58330907582
58330957571
58331007517
58331057542
58331107547
58331157560
58331207558
58331257567
58331307564
58331357557
58331407551
58331457568
58331507557
58331557574
58331607572
58331657565
58331707562
58331757579
58331807569
58331857566
58331907563
58331957584
58332007518
58332057567
58332107544
58332157557
58332207559
58332257548
58332307565
58332357554
58332407572
58332457569
58332507566
58332557559
58332607557
58332657566
58332707563
58332757560
58332807578
58332857571
58332907568
58332957577
58333007519
58333057552
58333107557
58333157546
58333207560
58333257553
58333307550
58333357567
58333407565
58333457558
58333507579
58333557568
58333607562
58333657559
58333707576
58333757573
58333807583
58333857580
58333907577
58333957574
58334007520
58334057569
58334107546
58334157559
58334207549
58334257550
58334307571
58334357568
58334407558
58334457555
58334507576
58334557569
58334607563
58334657580
58334707573
58334757566
58334807564
58334857585
58334907578
58334957567
58335007517
58335057542
58335107551
58335157568
58335207554
58335257547
58335307568
58335357561
58335407555
58335457552
58335507569
58335557558
58335607556
58335657573
58335707570
58335757563
58335807561
58335857570
58335907567
58335957584
58336007518
58336057543
58336107544
58336157557
58336207558
58336257548
58336307569
58336357562
58336407555
58336457572
58336507570
58336557563
58336607560
58336657557
58336707570
58336757568
58336807565
58336857562
58336907579
58336957576
58337007518
58337057543
58337107548
58337157561
58337207563
58337257548
58337307569
58337357566
58337407560
58337457557
58337507554
58337557567
58337607565
58337657562
58337707559
58337757576
58337807574
58337857583
58337907576
58337957573
58338007515
58338057540
58338107549
58338157562
58338207556
58338257549
58338307566
58338357563
58338407561
58338457550
58338507567
58338557564
58338607558
58338657575
58338707564
58338757561
58338807579
58338857576
58338907573
58338957566
58339007516
58339057549
58339107558
58339157547
58339207549
58339257562
58339307551
58339357548
58339407566
58339457563
58339507560
58339557553
58339607567
58339657564
58339707561
58339757558
58339807576
58339857573
58339907562
58339957583
58340007517
58340057542
58340107547
58340157556
58340207562
58340257547
58340307568
58340357565
58340407563
58340457552
58340507573
58340557566
58340607564
58340657561
58340707558
58340757571
58340807569
58340857570
58340907567
58340957584
58341007518
58341057563
58341107544
58341157557
58341207547
58341257548
58341307561
58341357554
58341407552
58341457569
58341507562
58341557559
58341607573
58341657570
58341707563
58341757580
58341807574
58341857571
58341907580
58341957573
58342007515
58342057544
58342107549
58342157562
58342207556
58342257565
58342307562
58342357555
58342407553
58342457574
58342507563
58342557556
58342607574
58342657567
58342707564
58342757577
58342807571
58342857568
58342907565
58342957562
58343007516
58343057557
58343107562
58343157551
58343207565
58343257566
58343307563
58343357552
58343407570
58343457567
58343507560
58343557553
58343607571
58343657564
58343707557
58343757578
58343807572
58343857569
58343907586
58343957579
58344007517
58344057542
58344107551
58344157564
58344207553
58344257567
58344307564
58344357561
58344407554
58344457571
58344507565
58344557562
58344607555
58344657576
58344707573
58344757571
58344807560
58344857581
58344907578
58344957575
58345007513
58345057566
58345107539
58345157552
58345207550
58345257543
58345307564
58345357553
58345407547
58345457568
58345507565
58345557558
58345607556
58345657569
58345707566
58345757563
58345807557
58345857574
58345907571
58345957560
58346007514
58346057539
58346107544
58346157557
58346207559
58346257544
58346307565
58346357558
58346407556
58346457553
58346507566
58346557559
58346607557
58346657554
58346707575
58346757568
58346807562
58346857559
58346907576
58346957573
58347007511
58347057540
58347107545
58347157562
58347207556
58347257549
58347307546
58347357543
58347407557
58347457550
58347507547
58347557568
58347607562
58347657551
58347707552
58347757569
58347807567
58347857564
58347907561
58347957574
58348007516
58348057541
58348107550
58348157563
58348207545
58348257554
58348307547
58348357564
58348407558
58348457555
58348507572
58348557561
58348607555
58348657572
58348707565
58348757562
58348807580
58348857573
58348907566
58348957563
58349007513
58349057542
58349107543
58349157552
58349207558
58349257543
58349307564
58349357557
58349407547
58349457568
58349507561
58349557558
58349607556
58349657573
58349707566
58349757559
58349807557
58349857578
58349907571
58349957564
58350007514
58350057539
58350107548
58350157557
58350207543
58350257544
58350307561
58350357558
58350407552
58350457549
58350507570
58350557559
58350607553
58350657574
58350707567
58350757564
58350807558
58350857571
58350907568
58350957565
58351007515
58351057564
58351107545
58351157554
58351207564
58351257565
58351307562
58351357555
58351407577
58351457566
58351507559
58351557556
58351607574
58351657571
58351707560
58351757577
58351807575
58351857568
58351907565
58351957582
58352007512
58352057541
58352107550
58352157539
58352207540
58352257554
58352307543
58352357564
58352407557
58352457550
58352507548
58352557569
58352607558
58352657555
58352707572
58352757570
58352807567
58352857564
58352907577
58352957570
58353007512
58353057541
58353107546
58353157555
58353207545
58353257550
58353307547
58353357544
58353407562
58353457555
58353507552
58353557569
58353607567
58353657564
58353707561
58353757570
58353807564
58353857557
58353907574
58353957567
58354007509
58354057534
58354107543
