58177507611
58177557600
58177607618
58177657611
58177707608
58177757625
58177807619
58177857608
58177907625
58177957618
58178007564
58178057593
58178107590
58178157599
58178207613
58178257606
58178307599
58178357596
58178407606
58178457599
58178507616
58178557609
58178607607
58178657620
58178707609
58178757626
58178807620
58178857617
58178907610
58178957627
58179007565
58179057594
58179107599
58179157612
58179207602
58179257623
58179307608
58179357605
58179407599
58179457616
58179507609
58179557622
58179607616
58179657613
58179707606
58179757623
58179807617
58179857630
58179907623
58179957616
58180007562
58180057587
58180107592
58180157597
58180207611
58180257608
58180307605
58180357598
58180407616
58180457605
58180507602
58180557619
58180607613
58180657610
58180707627
58180757616
58180807610
58180857607
58180907624
58180957617
58181007563
58181057588
58181107597
58181157606
58181207599
58181257597
58181307606
58181357599
58181407612
58181457609
58181507603
58181557620
58181607609
58181657602
58181707619
58181757613
58181807606
58181857623
58181907612
58181957629
58182007563
58182057588
58182107597
58182157602
58182207604
58182257609
58182307606
58182357599
58182407617
58182457602
58182507619
58182557612
58182607610
58182657603
58182707620
58182757609
58182807627
58182857620
58182907613
58182957610
58183007564
58183057589
58183107594
58183157607
58183207609
58183257598
58183307607
58183357600
58183407618
58183457611
58183507604
58183557621
58183607611
58183657604
58183707625
58183757618
58183807612
58183857609
58183907622
58183957615
58184007561
58184057586
58184107591
58184157604
58184207594
58184257611
58184307604
58184357597
58184407595
58184457612
58184507601
58184557618
58184607612
58184657605
58184707602
58184757615
58184807609
58184857606
58184907623
58184957616
58185007562
58185057607
58185107588
58185157601
58185207611
58185257592
58185307609
58185357598
58185407616
58185457613
58185507606
58185557603
58185607621
58185657610
58185707603
58185757624
58185807618
58185857611
58185907632
58185957617
58186007563
58186057588
58186107593
58186157606
58186207608
58186257609
58186307606
58186357599
58186407617
58186457614
58186507599
58186557616
58186607614
58186657607
58186707628
58186757617
58186807611
58186857632
58186907629
58186957618
58187007564
58187057617
58187107590
58187157603
58187207609
58187257598
58187307595
58187357608
58187407602
58187457619
58187507612
58187557605
58187607603
58187657612
58187707609
58187757630
58187807624
58187857613
58187907610
58187957627
58188007561
58188057586
58188107591
58188157604
58188207610
58188257611
58188307604
58188357597
58188407615
58188457608
58188507601
58188557622
58188607612
58188657605
58188707602
58188757623
58188807609
58188857634
58188907627
58188957624
58189007562
58189057587
58189107588
58189157601
58189207610
58189257592
58189307609
58189357606
58189407595
58189457612
58189507606
58189557603
58189607628
58189657621
58189707606
58189757628
58189807625
58189857618
58189907607
58189957624
58190007562
58190057607
58190107592
58190157605
58190207599
58190257616
58190307605
58190357602
58190407596
58190457621
58190507618
58190557599
58190607625
58190657618
58190707607
58190757604
58190807630
58190857619
58190907612
58190957633
58191007559
58191057588
58191107585
58191157598
58191207600
58191257617
58191307606
58191357599
58191407617
58191457606
58191507599
58191557620
58191607618
58191657611
58191707624
58191757617
58191807611
58191857632
58191907625
58191957618
58192007560
58192057585
58192107594
58192157611
58192207601
58192257590
58192307615
58192357604
58192407598
58192457623
58192507616
58192557597
58192607619
58192657616
58192707609
58192757626
58192807624
58192857613
58192907630
58192957623
58193007561
58193057586
58193107595
58193157600
58193207614
58193257591
58193307616
58193357609
58193407607
58193457624
58193507617
58193557610
58193607608
58193657629
58193707622
58193757611
58193807629
58193857622
58193907615
58193957628
58194007558
58194057583
58194107592
58194157609
58194207595
58194257588
58194307605
58194357594
58194407616
58194457609
58194507602
58194557619
58194607609
58194657602
58194707619
58194757612
58194807610
58194857623
58194907616
58194957633
58195007559
58195057588
58195107593
58195157602
58195207592
58195257613
58195307610
58195357603
58195407593
58195457610
58195507603
58195557620
58195607614
58195657607
58195707628
58195757613
58195807611
