58391107532
58391157545
58391207538
58391257536
58391307549
58391357542
58391407535
58391457556
58391507554
58391557547
58391607560
58391657557
58391707550
58391757548
58391807565
58391857554
58391907551
58391957548
58392007498
58392057531
58392107536
58392157541
58392207547
58392257548
58392307545
58392357538
58392407532
58392457541
58392507538
58392557555
58392607549
58392657542
58392707559
58392757548
58392807546
58392857563
58392907560
58392957553
58393007499
58393057524
58393107529
58393157542
58393207528
58393257533
58393307546
58393357539
58393407533
58393457554
58393507547
58393557544
58393607558
58393657555
58393707548
58393757545
58393807563
58393857556
58393907545
58393957566
58394007500
58394057529
58394107538
58394157555
58394207541
58394257530
58394307547
58394357544
58394407538
58394457551
58394507544
58394557541
58394607559
58394657552
58394707545
58394757558
58394807552
58394857545
58394907566
58394957559
58395007501
58395057546
58395107527
58395157540
58395207534
58395257551
58395307548
58395357537
58395407555
58395457548
58395507541
58395557558
58395607552
58395657541
58395707562
58395757555
58395807553
58395857546
58395907559
58395957556
58396007498
58396057523
58396107532
58396157545
58396207547
58396257548
58396307541
58396357538
58396407532
58396457549
58396507538
58396557535
58396607553
58396657550
58396707543
58396757564
58396807550
58396857547
58396907544
58396957565
58397007499
58397057544
58397107529
58397157542
58397207536
58397257533
58397307550
58397357539
58397407537
58397457554
58397507547
58397557544
58397607538
58397657551
58397707544
58397757541
58397807563
58397857556
58397907553
58397957566
58398007500
58398057529
58398107538
58398157551
58398207536
58398257530
58398307551
58398357544
58398407541
58398457534
58398507548
58398557545
58398607538
58398657555
58398707548
58398757546
58398807555
58398857552
58398907549
58398957566
58399007496
58399057521
58399107522
58399157539
58399207537
58399257526
58399307547
58399357540
58399407530
58399457551
58399507548
58399557541
58399607535
58399657552
58399707545
58399757542
58399807560
58399857553
58399907550
58399957563
58400007497
58400057530
58400107535
58400157524
58400207550
58400257535
58400307532
58400357529
58400407547
58400457544
58400507537
58400557554
58400607548
58400657545
58400707542
58400757559
58400807557
58400857546
58400907563
58400957560
58401007498
58401057523
58401107544
58401157533
58401207539
58401257548
58401307541
58401357538
58401407548
58401457545
58401507538
58401557535
58401607553
58401657550
58401707539
58401757560
58401807554
58401857547
58401907564
58401957557
58402007499
58402057524
58402107529
58402157542
58402207544
58402257549
58402307546
58402357543
58402407533
58402457550
58402507543
58402557556
58402607550
58402657543
58402707560
58402757553
58402807547
58402857556
58402907553
58402957546
58403007496
58403057521
58403107526
58403157535
58403207529
58403257546
58403307543
58403357536
58403407554
58403457543
58403507536
58403557533
58403607551
58403657544
58403707553
58403757550
58403807544
58403857561
58403907558
58403957551
58404007497
58404057522
58404107527
58404157540
58404207526
58404257531
58404307544
58404357537
58404407535
58404457552
58404507549
58404557542
58404607556
58404657553
58404707546
58404757543
58404807561
58404857554
58404907547
58404957564
58405007498
58405057543
58405107524
58405157529
58405207547
58405257544
58405307537
58405357534
58405407548
58405457537
58405507534
58405557551
58405607549
58405657542
58405707559
58405757548
58405807542
58405857563
58405907556
58405957553
58406007499
58406057524
58406107529
58406157542
58406207543
58406257529
58406307542
58406357539
58406407532
58406457553
58406507551
58406557544
58406607553
58406657550
58406707547
58406757541
58406807558
58406857555
58406907544
58406957565
58407007495
58407057524
58407107533
58407157546
58407207544
58407257533
58407307526
58407357547
58407407545
58407457530
58407507547
58407557544
58407607538
58407657535
58407707552
58407757541
58407807559
58407857552
58407907549
58407957546
58408007496
58408057545
58408107526
58408157539
58408207529
58408257526
58408307547
58408357536
58408407530
58408457547
58408507544
58408557541
58408607559
58408657548
58408707541
58408757538
58408807556
58408857553
58408907542
58408957559
58409007497
58409057526
58409107531
58409157544
58409207526
58409257527
58409307548
58409357545
58409407539
58409457536
58409507549
58409557546
58409607540
58409657537
58409707558
58409757555
58409807545
58409857562
58409907559
58409957552
58410007494
58410057535
58410107544
58410157533
58410207543
58410257524
58410307541
58410357534
58410407528
58410457549
58410507546
58410557547
58410607541
58410657554
58410707547
58410757544
58410807542
58410857539
58410907556
58410957549
58411007495
58411057520
58411107529
58411157542
58411207536
58411257529
58411307546
58411357543
58411407537
58411457530
58411507543
58411557536
58411607534
58411657551
58411707544
58411757541
58411807555
58411857548
58411907545
58411957542
58412007496
58412057521
58412107522
58412157535
58412207529
58412257526
58412307547
58412357540
58412407530
58412457551
58412507548
58412557541
58412607535
58412657548
58412707541
58412757538
58412807560
58412857553
58412907550
58412957563
58413007493
58413057518
58413107523
58413157536
58413207534
58413257523
58413307544
58413357537
58413407535
58413457528
58413507549
58413557538
58413607536
58413657553
58413707550
58413757547
58413807537
58413857554
58413907547
58413957544
58414007494
58414057523
58414107524
58414157537
58414207522
58414257528
58414307545
58414357538
58414407531
58414457548
58414507546
58414557539
58414607536
58414657553
58414707542
58414757536
58414807553
58414857550
58414907547
58414957564
58415007494
58415057523
58415107532
58415157521
58415207543
58415257528
58415307525
58415357546
58415407540
58415457537
58415507534
58415557543
58415607541
58415657538
58415707555
58415757552
58415807546
58415857559
58415907556
58415957549
58416007495
58416057524
58416107529
58416157538
58416207524
58416257533
58416307530
58416357547
58416407541
58416457534
58416507531
58416557552
58416607546
58416657543
58416707556
58416757549
58416807547
58416857544
58416907561
58416957558
58417007492
58417057521
58417107526
58417157543
58417207541
58417257534
58417307523
58417357544
58417407538
58417457535
58417507532
58417557553
58417607543
58417657540
58417707537
58417757554
58417807548
58417857537
58417907554
58417957547
58418007493
58418057518
58418107523
58418157528
58418207538
58418257543
58418307536
58418357533
58418407527
58418457540
58418507533
58418557530
58418607548
58418657541
58418707562
58418757547
58418807545
58418857538
58418907555
58418957552
58419007490
58419057523
58419107528
58419157541
58419207531
58419257528
58419307541
58419357538
58419407532
58419457525
58419507546
58419557539
58419607529
58419657550
58419707543
58419757540
58419807534
58419857555
58419907540
58419957537
58420007491
58420057516
58420107525
58420157534
58420207540
58420257525
58420307542
58420357539
58420407533
58420457546
58420507539
58420557536
58420607530
58420657547
58420707544
58420757533
58420807551
58420857548
58420907541
58420957538
58421007492
58421057533
58421107542
58421157527
58421207529
58421257522
58421307539
58421357532
58421407526
58421457543
58421507540
58421557537
58421607551
58421657544
58421707541
58421757534
58421807556
58421857549
58421907538
58421957555
58422007493
58422057518
58422107527
58422157540
58422207521
58422257523
58422307544
58422357537
58422407534
58422457527
58422507541
58422557538
58422607535
58422657552
58422707549
58422757547
58422807536
58422857553
58422907546
58422957543
58423007493
58423057538
58423107519
58423157532
58423207522
58423257523
58423307540
58423357529
58423407527
58423457548
58423507541
58423557538
58423607536
58423657549
58423707542
58423757539
58423807557
58423857550
58423907547
58423957560
58424007490
58424057519
58424107524
58424157537
58424207519
58424257520
58424307537
58424357534
58424407528
58424457525
58424507538
58424557531
58424607529
58424657546
58424707539
58424757536
58424807550
58424857547
58424907540
58424957537
58425007491
58425057540
58425107517
58425157530
58425207528
58425257525
58425307542
58425357535
58425407529
58425457526
58425507547
58425557540
58425607538
58425657531
58425707552
58425757545
58425807543
58425857536
58425907557
58425957546
58426007488
58426057521
58426107530
58426157515
58426207529
58426257526
58426307523
58426357520
58426407542
58426457539
58426507532
58426557525
58426607547
58426657544
58426707537
58426757534
58426807552
58426857549
58426907546
58426957539
58427007489
58427057518
58427107515
58427157528
58427207534
58427257539
58427307536
58427357529
58427407539
58427457536
58427507529
58427557546
58427607540
58427657537
58427707550
58427757543
58427807541
58427857534
58427907555
58427957552
58428007490
58428057535
58428107516
58428157537
58428207527
58428257536
58428307529
58428357522
58428407544
58428457537
58428507534
58428557547
58428607541
58428657538
58428707531
58428757552
58428807546
58428857539
58428907556
58428957553
58429007487
58429057516
58429107513
58429157526
58429207523
58429257537
58429307534
58429357531
58429407520
58429457537
58429507535
58429557532
58429607525
58429657542
58429707531
58429757529
58429807550
58429857543
58429907540
58429957533
58430007487
58430057516
58430107525
58430157514
58430207528
58430257525
58430307538
58430357535
58430407529
58430457526
58430507523
58430557536
58430607530
58430657547
58430707544
58430757537
58430807535
58430857548
58430907545
58430957538
58431007488
58431057517
58431107526
58431157531
58431207529
58431257538
58431307535
58431357528
58431407526
58431457539
58431507532
58431557529
58431607527
58431657544
58431707541
58431757530
58431807548
58431857545
58431907542
58431957539
58432007489
58432057514
58432107523
58432157536
58432207534
58432257519
58432307532
58432357529
58432407527
58432457544
58432507541
58432557534
58432607548
58432657545
58432707542
58432757539
58432807533
58432857554
58432907543
58432957540
58433007490
58433057523
58433107528
58433157533
58433207531
58433257528
58433307521
58433357542
58433407536
58433457525
58433507542
58433557539
58433607537
58433657530
58433707547
58433757536
58433807554
58433857547
58433907540
58433957557
58434007487
58434057516
58434107521
58434157534
58434207532
58434257521
58434307538
58434357527
58434407521
58434457542
58434507535
58434557528
58434607542
58434657535
58434707532
58434757549
58434807543
58434857536
58434907549
58434957546
58435007488
58435057513
58435107522
58435157531
58435207525
58435257538
58435307535
58435357528
58435407522
58435457539
58435507528
58435557545
58435607543
58435657536
58435707529
58435757550
58435807536
58435857533
58435907550
58435957547
58436007489
58436057534
58436107515
58436157528
58436207530
58436257519
58436307536
58436357525
58436407523
58436457540
58436507537
58436557530
58436607528
58436657541
58436707538
58436757535
58436807553
58436857546
58436907543
58436957552
58437007490
58437057515
58437107520
58437157533
58437207522
58437257540
58437307537
58437357530
58437407527
58437457544
58437507534
58437557531
58437607548
58437657541
58437707534
58437757552
58437807541
58437857534
58437907551
58437957548
58438007486
58438057519
58438107516
58438157529
58438207535
58438257520
58438307537
58438357526
58438407524
58438457521
58438507538
58438557531
58438607529
58438657542
58438707535
58438757532
58438807550
58438857547
58438907540
58438957553
58439007487
58439057520
58439107525
58439157514
58439207524
58439257525
58439307518
58439357539
58439407533
58439457530
58439507547
58439557536
58439607534
58439657527
58439707548
58439757541
58439807531
58439857552
58439907545
58439957542
58440007488
58440057513
58440107514
58440157527
58440207537
58440257538
58440307531
58440357524
58440407538
58440457535
58440507528
58440557525
58440607543
58440657540
58440707529
58440757546
58440807544
58440857541
58440907534
58440957551
58441007485
58441057510
58441107519
58441157532
58441207518
58441257519
58441307516
58441357537
58441407531
58441457528
58441507525
58441557538
58441607536
58441657533
58441707530
58441757547
58441807545
58441857534
58441907551
58441957548
58442007486
58442057511
58442107512
58442157525
58442207519
58442257520
58442307537
58442357534
58442407524
58442457521
58442507542
58442557539
58442607537
58442657534
58442707547
58442757540
58442807538
58442857535
58442907532
58442957553
58443007487
58443057512
58443107521
58443157534
58443207520
58443257525
58443307538
58443357531
58443407525
58443457538
58443507531
58443557548
58443607534
58443657527
58443707544
58443757537
58443807531
58443857544
58443907537
58443957554
58444007488
58444057517
58444107522
58444157527
58444207533
58444257534
58444307527
58444357520
58444407538
58444457523
58444507544
58444557537
58444607527
58444657548
58444707541
58444757530
58444807548
58444857545
58444907542
58444957535
58445007485
58445057514
58445107519
58445157528
58445207533
58445257523
58445307536
58445357529
58445407522
58445457539
58445507533
58445557530
58445607539
58445657536
58445707529
58445757527
58445807544
58445857537
58445907550
58445957543
58446007485
58446057510
58446107515
58446157524
58446207514
58446257515
58446307532
58446357529
58446407523
58446457536
58446507533
58446557526
58446607540
58446657533
58446707526
58446757539
58446807533
58446857550
58446907547
58446957540
58447007486
58447057515
58447107520
58447157533
58447207527
58447257524
58447307545
58447357534
58447407528
58447457525
58447507542
58447557535
58447607545
58447657542
58447707535
58447757532
58447807550
58447857547
58447907536
58447957553
58448007483
58448057508
58448107513
58448157526
58448207516
58448257513
58448307530
58448357527
58448407521
58448457538
58448507527
58448557520
58448607542
58448657535
58448707528
58448757541
58448807535
58448857528
58448907549
58448957546
58449007484
58449057529
58449107510
58449157523
58449207529
58449257518
58449307515
58449357528
58449407522
58449457519
58449507536
58449557533
58449607527
58449657540
58449707537
58449757534
58449807528
58449857545
58449907538
58449957547
58450007485
58450057510
58450107515
58450157528
58450207518
58450257519
58450307536
58450357533
58450407527
58450457520
58450507533
58450557526
58450607524
58450657541
58450707534
58450757527
58450807541
58450857538
58450907531
58450957552
58451007482
58451057511
58451107516
58451157529
58451207519
58451257524
58451307521
58451357534
58451407528
58451457525
58451507522
58451557539
58451607533
58451657522
58451707539
58451757536
58451807530
58451857547
58451907544
58451957533
58452007483
58452057508
58452107517
58452157530
58452207512
58452257517
58452307534
58452357531
58452407525
58452457522
58452507539
58452557528
58452607522
58452657543
58452707536
58452757533
58452807547
58452857544
58452907537
58452957534
58453007484
58453057517
58453107518
58453157523
58453207532
58453257514
58453307531
58453357524
58453407533
58453457526
58453507520
58453557541
58453607530
58453657547
58453707532
58453757526
58453807543
58453857536
58453907529
58453957538
58454007480
58454057529
58454107506
58454157519
58454207509
58454257526
58454307519
58454357512
58454407530
58454457523
58454507516
58454557529
58454607523
58454657536
58454707529
58454757526
58454807540
58454857529
58454907546
58454957539
58455007481
58455057506
58455107535
58455157516
58455207510
58455257531
58455307524
58455357517
58455407531
58455457524
58455507521
58455557538
58455607532
58455657525
58455707538
58455757531
58455807525
58455857542
58455907535
58455957528
58456007482
58456057507
58456107512
58456157521
58456207515
58456257536
58456307525
58456357518
58456407532
58456457525
58456507518
58456557527
58456607521
58456657538
58456707531
58456757524
58456807542
58456857531
58456907548
58456957541
58457007483
58457057508
58457107513
58457157522
58457207532
58457257513
58457307530
58457357523
58457407517
58457457530
58457507523
58457557520
58457607538
58457657535
58457707528
58457757541
58457807535
58457857528
58457907545
58457957542
58458007480
58458057505
58458107510
58458157523
58458207521
58458257514
58458307527
58458357520
58458407518
58458457535
58458507528
58458557521
58458607535
58458657528
58458707521
58458757542
58458807536
58458857553
58458907538
58458957535
58459007481
58459057506
58459107511
58459157520
58459207514
58459257515
58459307532
58459357525
58459407519
58459457532
58459507525
58459557522
58459607540
58459657533
58459707530
58459757539
58459807533
58459857526
58459907543
58459957536
58460007482
58460057531
58460107512
58460157521
58460207531
58460257512
58460307529
58460357518
58460407536
58460457529
58460507526
58460557519
58460607529
58460657526
58460707543
58460757536
58460807530
58460857527
58460907540
58460957533
58461007479
58461057528
58461107505
58461157518
58461207515
58461257529
58461307522
58461357515
58461407532
58461457525
58461507515
58461557532
58461607525
58461657518
58461707539
58461757529
58461807522
58461857539
58461907532
58461957529
58462007479
58462057524
58462107505
58462157518
58462207524
58462257513
58462307530
58462357519
58462407513
58462457530
58462507523
58462557520
58462607538
58462657527
58462707520
58462757537
58462807531
58462857528
58462907545
58462957534
58463007480
58463057529
58463107506
58463157519
58463207513
58463257510
58463307527
58463357520
58463407518
58463457535
58463507524
58463557521
58463607539
58463657532
58463707529
58463757522
58463807532
58463857525
58463907542
58463957535
58464007481
58464057530
58464107531
58464157516
58464207530
58464257531
58464307524
58464357513
58464407531
58464457528
58464507521
58464557538
58464607532
58464657521
58464707538
58464757531
58464807529
58464857546
58464907539
58464957528
58465007482
58465057507
58465107512
58465157525
58465207523
58465257512
58465307529
58465357526
58465407520
58465457537
58465507530
58465557523
58465607541
58465657534
58465707531
58465757524
58465807538
58465857531
58465907548
58465957541
58466007479
58466057504
58466107505
58466157518
58466207520
58466257525
58466307518
58466357515
58466407525
58466457518
58466507535
58466557528
58466607522
58466657539
58466707528
58466757521
58466807539
58466857532
58466907529
58466957542
58467007480
58467057509
58467107514
58467157527
58467207513
58467257526
58467307519
58467357516
58467407534
58467457527
58467507520
58467557533
58467607531
58467657524
58467707541
58467757538
58467807532
58467857545
58467907534
58467957531
58468007477
58468057506
58468107507
58468157520
58468207521
58468257527
58468307520
58468357513
58468407526
58468457523
58468507517
58468557514
58468607531
58468657524
58468707537
58468757535
58468807528
58468857525
58468907522
58468957535
58469007477
58469057522
58469107503
58469157516
58469207506
58469257519
58469307508
58469357525
58469407519
58469457516
58469507533
58469557518
58469607536
58469657529
58469707522
58469757519
58469807537
58469857526
58469907543
58469957536
58470007478
58470057503
58470107508
58470157513
58470207515
58470257516
58470307509
58470357530
58470407524
58470457513
58470507530
58470557523
58470607517
58470657534
58470707523
58470757520
58470807538
58470857531
58470907528
58470957545
58471007475
58471057500
58471107505
58471157522
58471207520
58471257521
58471307514
58471357507
58471407529
58471457522
58471507515
58471557512
58471607526
58471657519
58471707536
58471757533
58471807527
58471857544
58471907533
58471957530
58472007476
58472057505
58472107510
58472157519
58472207505
58472257522
58472307515
58472357508
58472407530
58472457519
58472507516
58472557533
58472607531
58472657524
58472707517
58472757534
58472807528
58472857521
58472907542
58472957535
58473007473
58473057502
58473107507
58473157520
58473207502
58473257503
58473307516
58473357513
58473407511
58473457528
58473507525
58473557518
58473607512
58473657529
58473707526
58473757523
58473807517
58473857538
58473907527
58473957524
58474007478
58474057503
58474107508
58474157521
58474207507
58474257520
58474307513
58474357530
58474407524
58474457541
58474507530
58474557523
58474607521
58474657538
58474707531
58474757520
58474807542
58474857535
58474907528
58474957525
58475007475
58475057500
58475107505
58475157518
58475207516
58475257505
58475307522
58475357511
58475407509
58475457526
58475507519
58475557512
58475607534
58475657519
58475707516
58475757533
58475807531
58475857524
58475907545
58475957534
58476007476
